[-4.15479752e+00  0.00000000e+00  0.00000000e+00  1.16753644e-04
 -1.07841478e-03 -1.18292513e-03  9.26031452e-03 -1.07713585e-01
 -4.20470626e-02  3.78568199e-03  7.70018500e-04  1.31979132e-04
  4.01069593e-04  1.68723769e-03  2.21821902e-03  9.64955576e-03
  1.32594280e-02  1.10991017e-03 -1.89519546e-04 -1.00881599e-07
  0.00000000e+00 -2.13081173e-08  1.12236374e-05 -1.46399797e-03
  1.22684331e-02  1.39611678e-02  1.35533972e-02 -1.51040936e-01
 -5.49005446e-02  1.33967493e-02 -1.27603208e-02 -1.87378079e-03
 -4.57732249e-03 -1.32466398e-02 -9.32984186e-04 -7.82856763e-02
 -1.18597209e-01  2.14458143e-02  3.19487070e-02 -2.24764635e-04
  1.68272053e-04  1.64483104e-07 -1.88471383e-03  7.15855862e-03
  1.41526085e-01  2.13081574e-01  3.20748603e-01  3.74866504e-01
 -5.26349186e-02 -1.65955228e-01 -2.53250720e-02 -9.03599327e-02
  2.52261611e-02 -2.44815565e-01 -7.13877808e-01 -1.06407830e+00
 -5.64203698e-01  6.30766294e-02  1.41865349e-01 -3.00083572e-03
 -6.12389513e-04  8.89135221e-07  1.48286986e-02 -4.20822891e-02
 -1.21901837e+00 -2.03605279e+00 -2.97334618e+00 -3.85997808e+00
 -1.77079423e+00 -2.18674936e+00 -3.44221901e-01  8.65757715e-01
 -3.21568192e-01  1.19611665e-01 -1.50061835e+00 -1.62374288e+00
 -3.77163440e+00 -5.74754158e+00 -4.67041952e+00  6.57408891e-02
 -1.60545214e-02  1.96944256e-06  4.61181526e-02 -4.08870726e-01
 -1.01427560e+00 -6.15331639e-02 -9.65017064e+00 -7.19798553e+00
  2.98909338e-01  3.97680275e+00  5.14166200e+00 -3.77803454e-01
 -9.33616904e-01  2.10779095e+00 -8.88773904e-01 -2.37516546e+00
  2.87256813e+00 -1.07658010e+00 -2.16159100e+00 -2.09344565e-01
 -3.95140490e-02 -1.45376817e-05 -3.53574892e-02 -7.16694882e-01
  5.37738687e+00  1.51922885e-01 -8.47444170e-01 -3.58598055e+00
 -4.59549259e+00  4.73232072e+00  3.79669069e+00 -5.86815388e+00
 -2.75459180e+00  1.53890613e+00 -1.55401056e+00 -4.75819891e+00
  8.81319268e+00  2.45661777e+00 -5.61891908e+00 -7.20049795e-01
 -5.80873902e-02 -2.77083665e-04  1.90564213e-02 -2.29469685e+00
 -6.39830122e-01 -3.87614389e+00 -1.60780808e+00  1.55657080e+00
 -3.64095192e+00 -2.08851510e+00 -2.68102737e+00 -3.67578047e+00
 -1.28350140e+00  1.41581085e+00 -1.22011624e+00 -3.65446716e+00
 -3.77483400e+00  6.36631836e-02 -3.26517597e+00 -1.89175064e+00
  2.08282492e-02 -1.45067618e-03  7.27102223e-02 -3.96055630e+00
 -6.92459324e+00 -6.67321216e-01 -1.40170578e+00 -1.05686588e+00
 -6.24647168e-01  1.64127610e+00 -3.89391607e+00 -3.18617200e+00
 -3.00750342e+00 -6.67389885e+00  2.39019311e+00  3.74999900e+00
 -5.57376528e-01 -6.86755467e-01  3.21433385e-01 -5.16435956e+00
  8.76891489e-02  4.21235983e-02 -6.29903344e-01 -2.80083966e+00
  1.07389729e+00 -5.55683800e+00 -1.33682363e+00 -1.34960236e+00
 -3.29913270e-01 -3.58709499e-01 -4.05790980e+00 -2.88819352e-01
  3.28815719e+00  7.92601336e-01 -5.14646948e+00  4.71677375e-01
  4.90213314e-01 -1.61234348e+00 -1.89016400e+00 -6.12592771e+00
 -8.11219862e-01  9.04285730e-02 -1.02898230e+00 -1.11616148e-01
 -1.87516992e+00 -7.40677971e-03  6.57234426e-01 -9.32240712e-01
  1.15970586e+00  4.73220165e-01  7.39250775e-01  9.64305794e-01
  4.34408511e-01  1.18810247e+00  1.41482435e+00 -1.02594498e-01
 -3.05451996e+00  2.43199151e-01 -3.15632266e+00 -4.59983215e+00
 -3.26214477e-01  5.50818343e-02 -4.12795914e-01  4.35470725e-01
 -4.02423231e+00 -6.14542801e+00  1.45348988e+00 -4.37497063e-01
  8.53783112e-01  3.58705647e+00  5.85664519e+00  3.28645664e+00
  4.73350387e+00 -1.61507186e+00  5.19561754e+00 -2.04003713e+00
  6.34700228e-01 -7.59303585e-01 -7.22606779e-01 -2.73567751e+00
  7.39340814e-02  7.57281248e-02 -9.75647699e-01 -1.52689598e+00
  7.51390176e+00  5.52077940e-01 -8.91383269e-01 -1.62268409e+00
  4.67556078e+00  1.89251367e+00  1.13237910e+00 -2.83607745e+00
  3.52016634e-01 -3.92637372e+00 -2.36671661e+00  2.05521074e+00
  1.90611206e+00  6.19920498e-01 -7.17396500e+00 -4.52840979e+00
 -4.14816368e-01  9.96989204e-02 -9.75245936e-01 -5.39818931e+00
 -6.78084176e+00 -3.21355160e+00 -4.00975893e+00 -1.29892579e+00
  1.18899488e+00 -1.00518552e+00  3.64431544e-01  8.73725646e-01
  4.02409032e+00 -9.57357308e-01 -1.05957879e+00 -3.10005100e+00
 -1.81276933e+00  5.58021856e+00  3.11943952e+00 -3.52570483e+00
 -4.63309059e-01  2.22245092e-02 -4.21699186e-01 -2.44100968e-01
  4.16932280e+00  1.61785727e+00  4.05886757e+00 -2.18821248e+00
 -1.81995001e+00  5.81496397e+00 -2.42933336e+00 -1.93855179e+00
 -5.05201569e+00 -3.54533351e+00  1.98450471e+00  4.07625636e+00
 -2.27132760e+00  2.73304634e-01  6.06557220e-01 -2.57812353e+00
  4.92991829e-02  2.33119231e-03  5.67713749e-02 -1.40536670e+00
 -3.87693655e+00 -3.93578872e-01 -2.43489379e+00 -2.18433192e+00
 -1.86179485e+00 -5.72579847e+00 -4.91288921e+00 -2.09577627e+00
 -4.22486128e+00 -1.70120466e+00  4.64499615e+00 -2.69119665e+00
  2.93275867e-01  7.52323420e+00 -4.19462321e+00 -1.55253741e+00
 -1.07168297e-01 -1.07467342e-04  4.58694103e-02 -6.95797684e-01
 -1.30501811e+00 -1.09296151e+00  2.22213251e+00  2.42076104e-02
 -3.37612471e+00 -2.53685232e+00 -2.07564021e+00 -3.11472796e+00
 -4.67520327e+00 -3.86965476e+00 -3.71853679e+00 -4.27744715e-02
  1.63242977e+00  7.73993824e-02 -5.13226290e+00 -3.13474600e-02
 -2.96869797e-02 -2.66740911e-05 -2.07509482e-02 -4.32453953e-02
  3.02772651e+00 -2.37424975e+00 -2.71358045e+00 -2.68077145e+00
 -2.30181331e+00 -6.03310650e-01 -3.66341278e-01 -1.23327825e-01
 -3.56224009e-01 -1.62774720e+00  2.16401797e+00  2.73604569e+00
 -2.23089491e+00 -2.44952256e+00 -5.92288824e-01 -1.37539433e-02
 -3.01117372e-02  2.83584178e-05 -7.91940982e-03  5.48487159e-02
  5.96616026e-01 -3.63312059e+00 -3.68160197e+00 -1.17608818e+00
  4.41889942e-01  4.62051357e-01 -3.17164854e-01  5.77169351e-02
 -1.77002360e-01 -5.55839280e-01  2.04244438e+00  6.83227567e+00
  7.14707570e+00  1.92199639e+00 -4.35756809e-01 -2.15136059e-02
 -1.81632941e-03 -9.81298765e-07  1.10157248e-03  1.24608185e-02
 -1.87977320e-01 -1.13993374e+00 -3.20211726e-01 -3.52372340e-01
  2.39345087e+00  2.02629305e+00 -2.03689447e-01  1.01701914e+00
  1.65754885e-01 -2.30501029e-01  2.71149130e-02  1.44398788e+00
  5.21680272e+00  1.41232088e+00 -1.55107505e-01  1.22018636e-03
  4.86904355e-04  0.00000000e+00 -6.23360942e-05  9.72466802e-04
 -5.40050302e-03  6.11408170e-02 -1.27606828e-02  1.11155531e-02
 -2.19092840e-01 -1.92665827e-01  2.83259153e-02  1.83669384e-01
 -2.57589505e-03  2.94174333e-01  1.48743536e+00  3.44795525e-02
 -4.83121934e-01 -1.21693574e-01  1.49963426e-02  3.45365315e-08
  0.00000000e+00]
[-4.75633345e+00  0.00000000e+00  0.00000000e+00 -5.41436418e-04
  8.29026594e-03 -3.09683006e-02 -3.16083258e-01 -5.02912335e-01
 -9.38680868e-01 -1.70735214e-03 -1.01755773e-01 -3.91640242e-02
  2.45720532e-02  3.00470600e-02  4.21841907e-02 -2.35658214e-01
  3.92463282e-02  1.61210930e-01 -1.46620005e-02 -1.59535285e-04
  0.00000000e+00 -3.55706532e-06 -1.39540360e-03  1.99221078e-02
 -6.79006138e-02  5.34919280e-01  4.13732039e+00  3.98724683e-01
 -1.43199925e+00  5.79065813e-04 -3.96569400e-01 -3.37692237e-01
  2.71466015e-02  7.44987365e-02 -8.91766741e-01  1.85475753e+00
 -8.32819210e-01 -2.15039265e+00  7.20673609e-02  1.47273855e-02
 -2.87603520e-04 -2.85586227e-04  1.33190111e-02  9.04944802e-02
 -5.28948083e-01 -7.88156206e+00 -3.86065798e+00 -2.69156760e+00
 -1.02862595e+01 -1.85205226e+01  2.14882175e+00  1.06958018e+01
  6.61735175e+00 -5.08437651e-01 -8.78102156e+00 -9.09678858e-01
  5.70660795e+00 -6.82511847e+00  8.68584191e-01  5.74981995e-01
 -4.46967694e-02  1.87494618e-03  8.50106905e-02 -1.91504835e+00
 -1.78916595e+00  1.08474067e+00  1.86784744e+00  3.02086837e+00
  1.53141973e+00  6.54210849e+00 -1.35076982e+01 -3.91616411e-01
  4.83216425e+00 -3.51995480e+00  3.30123244e+00  3.08778494e+00
 -5.35085951e+00  2.38733371e+00 -4.36478058e+00 -5.29230746e+00
  4.26520909e-01  3.59311823e-02 -1.14568963e-01 -6.62925987e+00
  6.70458771e+00  4.53832238e-01 -6.77887457e+00  3.35301483e+00
 -4.27854929e+00 -2.56908963e+00 -3.07841490e+00 -3.83416315e-01
  4.83573602e-01  3.95671326e+00 -2.13104345e+00 -2.95895621e+00
  2.64167687e+00  1.45000176e+00 -2.46431138e+00 -1.05869341e+01
  7.88521994e-01 -4.56745730e-02 -1.17683052e+00 -2.93595337e+00
  1.36177678e+00 -2.44617274e+00  6.47542991e+00 -2.29560165e+00
  2.85280047e+00 -6.92616756e+00 -2.24503527e+00  3.15069959e+00
  7.51143049e-01 -1.19470102e+00  4.67345977e+00  1.18709519e+00
  1.57442022e-01  1.41853125e+00  1.71582404e+00 -7.55626932e+00
  4.54391458e-01 -6.71903599e-01 -4.54740496e+00  2.04116119e+00
  4.73041535e-01  2.36826397e+00 -4.87171836e+00  1.27282691e+00
  1.59162139e+00 -2.21823496e+00 -8.40083464e+00  2.96022551e+00
  4.18590326e-02  1.15678496e+00 -3.54452529e+00  2.23695786e+00
 -1.49753106e+00 -1.12982795e+00 -1.87399843e+00 -7.00329746e+00
 -1.07611660e-01 -5.57974925e-01 -4.97519915e+00  6.17534340e+00
 -1.08758842e+00  3.51359537e-01  2.69033194e+00  1.80524338e+00
 -2.92848306e-01 -3.98158697e+00  2.40331050e+00 -5.60183635e+00
  3.52258496e+00 -1.92734376e+00  2.98445696e+00 -1.10790155e+00
  2.69748444e+00 -1.91654204e+00 -1.52826996e-01 -5.89509150e+00
 -7.21243818e-01 -6.17266431e-01  4.09341540e+00 -2.26178121e-01
 -9.83756401e-01 -8.50019784e-01  1.07754248e+00 -3.34212848e+00
  1.75271882e+00 -2.67792175e-01 -3.77563474e+00  3.52229975e+00
  2.07309592e-01  1.96867576e+00 -6.99238110e-01  2.95704907e+00
 -1.05522203e+00 -2.97315701e-01 -5.82346595e-01 -3.59221066e+00
 -1.85623524e-01 -5.06127727e-01  3.79552417e+00 -1.40551197e-01
  2.74222188e+00 -4.51944826e-01 -2.38357234e-01  1.19777006e+00
 -1.38169636e+00 -3.94095138e+00  1.41326672e+00 -3.49661752e+00
  1.59857093e+00  3.42218966e-01  2.45708301e+00 -1.29676224e+00
  2.36416877e+00 -6.98205335e-01 -2.49336924e+00 -4.29585757e+00
  5.10818924e-02  1.88621692e+00 -1.21235908e+01 -2.87741311e-01
  1.12963945e+00 -8.60073764e-02 -7.27083107e-01  3.50140223e-01
 -1.75031551e+00  4.15109684e-01 -3.90992655e+00  2.77331536e+00
 -5.21489609e-01  5.71131775e-01  7.75523175e-01  1.69134226e+00
 -2.97327440e+00  4.59628172e-01  1.72428508e+00 -1.45748125e+01
  9.71499424e-01  6.98843276e+00  5.00151710e-01  8.43995001e-02
  8.76167996e-01  1.39368594e+00 -8.10591921e-01  4.78833253e-01
 -7.06997310e-02 -1.17335792e+00 -1.08640357e-01 -2.76390274e+00
  9.95379564e-01  1.11386609e+00 -9.05838132e-01  1.23390068e+00
 -3.52212812e-01 -2.01036989e+00 -2.77438441e+00 -1.08069561e+01
  5.36801032e-01  1.73677496e+00 -2.64040811e-01 -3.71054255e+00
  1.42143823e+00 -5.27389545e-01 -1.43952352e+00  1.02263862e+00
  1.75644624e-01 -1.15835672e+00  5.40191963e-01  7.81771644e-01
 -2.08436707e+00  7.31202348e-01  9.25724682e-01 -1.08663561e+00
 -7.79998299e-01  3.64082913e+00  2.34861376e+00 -1.02602440e+00
 -7.75690857e-01  2.89530177e-01 -5.54174458e+00  7.13588417e-01
 -1.46126068e+00  1.06641894e+00 -1.56896331e+00  3.87508017e+00
 -9.61553102e-01 -3.52987359e+00 -6.90565920e-02 -1.27874084e+00
  2.47235707e-01  2.58769752e-01 -4.26194254e-01  1.58174436e-01
  1.71690303e+00 -3.36975278e+00 -1.33380524e-01  1.50816103e+00
 -2.46782977e+00  2.73196925e-01 -3.21552573e+00  2.15932084e+00
 -2.08890659e+00  2.04018705e-01 -1.55166704e+00  1.78901064e+00
  1.42231492e+00  9.33782734e-01  1.88700104e+00 -2.27878286e+00
  3.24773026e+00 -2.26085723e+00 -1.32045190e+00  2.61724784e+00
  4.02796417e-01 -3.09548777e+00  8.11816001e+00 -5.79760355e+00
 -6.28973778e-01 -1.46538912e-02 -1.64287678e+00 -2.44587473e+00
  1.11606403e+00 -3.55642141e+00  2.87083610e+00 -1.33982091e+00
 -2.06572358e-01  1.42552930e+00 -3.92517521e+00 -3.74435552e+00
  1.17111102e+00  2.51892259e+00  1.14327070e+00 -1.11366591e+00
  4.79119107e+00 -1.06802942e+00  1.14583915e+00 -6.20780651e+00
  4.28967591e-01 -1.58403079e-01  1.64306886e+00 -1.30746656e+00
 -6.14691385e+00 -1.70822420e-01 -9.85972741e-01  4.28823043e+00
 -1.58626783e+00 -6.05984109e+00  3.31071078e+00 -1.07384540e-01
 -5.35174221e+00  3.19925585e+00 -1.99660799e+00  2.77065037e+00
 -2.71528952e-01  1.19374267e+00 -4.19614325e-01 -5.14007727e+00
  4.36018238e-01 -9.97558430e-02  1.24251367e+00  1.51907761e-02
  6.29117118e+00 -1.48451376e+00 -1.03808925e+01 -1.25053165e+01
  9.75422652e+00 -5.19671694e-01  1.66405117e+00 -1.87188512e+00
  1.53496547e+00  3.29890653e-01  4.53153227e+00 -5.23080156e+00
  3.28574783e+00 -9.33359262e-01 -3.37551953e+00 -1.43395311e+00
  1.28180851e-01  4.25638733e-03 -5.97951851e-02 -4.59714125e-01
  4.92318532e+00  2.70923731e+00 -1.54729980e+00 -5.73959776e+00
 -8.02716986e+00  1.25332238e+01  3.66829492e+00 -1.00489024e+01
  9.66768423e+00  5.76827655e-01  5.61891882e+00  4.47076241e+00
 -2.16130779e+00 -5.82400068e-01  2.47479052e-01  9.50045821e-02
 -8.86376465e-03  0.00000000e+00  6.30318509e-04  4.06515233e-02
 -4.54628185e-01 -3.52527108e-01  6.41601297e-02  5.37270434e-01
 -3.11714396e-01  7.97291469e-01  5.74779733e+00  3.54174020e+00
  5.46510501e+00  2.65743371e+00 -9.13122012e-01  2.10103652e+00
 -8.38456574e-01 -1.53841674e-01  1.02178899e-01 -6.76604027e-03
  0.00000000e+00]
[-7.14145913e+00  0.00000000e+00  0.00000000e+00 -2.28437332e-04
 -1.66898217e-02  2.23892769e-01  2.10984479e+00  1.46768772e-01
  2.82042726e-01  3.47010777e-01  1.42927750e-04  1.16541636e-02
 -2.34801387e-01 -6.87692961e-01  7.06920566e-01  8.93115975e-01
 -7.54947044e-02 -4.02764031e-03  1.99424472e-04  1.51085427e-05
  0.00000000e+00 -5.21661107e-08  3.09439978e-04 -9.59999545e-03
  9.58828207e-02 -1.86044203e-01 -5.99789509e+00 -8.25683482e+00
 -7.39719771e+00 -5.00599104e+00 -1.72248446e-01 -1.17901541e-01
  2.74981518e+00  7.64267448e+00 -7.75136514e+00 -9.48341388e+00
  5.45529420e-01 -2.13698738e-01 -4.01780417e-01 -6.25327358e-02
  7.75826536e-03  4.57009278e-07 -5.72650955e-03  4.28285743e-02
  8.31819167e-03  5.98386539e+00  4.98777103e+00  3.58006161e+00
  8.72123478e+00 -2.18550326e+00  8.79353530e-02 -2.58276183e+00
 -8.32619468e+00  8.05289628e-01 -3.80973995e-01  6.75749393e+00
  2.67913691e+00  3.20505820e+00  1.48981958e+01  3.68639467e-01
 -4.15919475e-02 -2.87138110e-05  2.78233310e-02  2.35372359e-01
 -5.68783293e+00  1.88625089e+00 -6.21426982e-01 -4.62917650e-01
 -6.79106850e+00 -7.07946139e-02 -2.43099380e+00 -9.40268903e+00
  8.62808256e-01  6.11537810e+00 -2.21057955e+00  2.49557877e+00
 -2.68935084e+00  3.75617062e+00  4.63667596e+00  2.67266085e+00
 -4.18403842e-01 -1.63544132e-04 -1.22992600e-01  5.68925601e-01
 -1.95588806e+00 -1.57793378e-01  5.39002493e-01  6.08858681e-01
  9.67331110e+00 -7.64901111e+00 -2.06073506e+00  5.02568120e+00
 -4.52403839e+00  1.26674026e+00 -3.40080590e+00  6.11949551e+00
 -9.75840428e-01  1.88270681e+00 -7.50653869e+00  1.73516580e+00
 -2.08539952e+00  7.25253193e-03 -3.59430483e-01 -2.08232530e+00
  5.45319559e+00  9.54929321e-01  2.74810840e-01 -1.43240952e+00
 -2.28359778e+00 -1.42351173e+00  1.28532755e+00 -5.06584279e+00
 -5.03279641e+00  2.51316946e+00 -2.35111661e+00  2.08745605e+00
 -2.76869384e+00 -6.10552868e-01  1.01688859e+01 -2.53403463e+00
 -2.27598486e+00  1.54462476e-02 -7.61813419e-01 -3.21719178e+00
 -3.12741890e+00 -8.84055340e-01 -6.21024601e-02 -5.07074121e-01
 -4.71562303e-01 -1.63045602e+00 -1.16240017e+00  5.78763346e+00
 -2.35978784e+00 -3.69787742e-01 -4.58380705e-01  7.99567737e-01
  7.35564515e-01  1.42661644e+00 -4.63727977e+00  2.54622945e+00
 -3.43669343e+00  1.30146452e-02 -6.91010685e-01  4.73475897e+00
 -4.95494917e-01  4.30620389e+00 -2.53155637e+00 -8.55536503e-02
 -2.20279223e+00 -1.04553068e+00 -4.49989207e-01 -2.51418660e+00
 -2.12308122e-01 -3.55128584e+00 -1.31431272e+00 -1.43619770e+00
 -9.09234800e-01  3.01597486e-01  2.02102092e+00  2.29476523e+00
 -5.86878160e-01  6.21696018e-02  9.32685420e-02 -1.18694283e+00
 -2.96769948e+00 -1.05103393e+00  1.20052689e+00 -1.68420074e+00
 -1.27572997e+00  8.25788172e-01  2.85527652e-02  1.98063456e+00
  1.37653491e+00 -1.83459416e+00 -1.10266960e+00 -3.37986506e-01
 -1.98047560e-01  1.33673379e+00  1.08802912e-01 -3.03398664e+00
 -1.59575446e-01  1.11547736e-01 -9.35890347e-01  4.09217672e+00
  2.57759010e+00  2.21966311e+00 -2.40479308e+00  2.67364403e+00
 -1.49192978e+00 -8.66428551e-01  6.37998822e-01 -9.25336140e-01
 -3.24973277e-01 -1.41771573e+00 -2.31340085e-01  1.32807187e+00
 -1.39099207e+00 -3.47390126e-01  4.10865322e-01  4.47453719e+00
 -9.86112310e+00  9.11772019e-02 -1.11602142e+00 -4.37324268e-01
 -3.34869171e+00 -1.58210497e+00  3.07934839e+00 -2.97689590e+00
  4.70060086e-01  2.97311731e+00  1.20429248e+00 -4.64623424e-02
  7.59883318e-01 -4.01640516e+00 -1.44190856e+00 -6.96219560e-01
  1.86206431e+00  8.90971676e-01 -1.73334812e+00 -4.39967061e-01
 -1.51914774e+00  1.82718763e-01 -2.04183441e+00 -5.05686597e-01
  4.04776508e+00  4.57102719e-01 -2.22654529e+00  4.09382463e+00
  1.24440756e+00 -1.83166447e+00  3.99633079e-01  6.72295750e-01
  6.00780389e-01  8.61101349e-01  1.85127454e+00  6.22883591e-01
  2.82446766e-01 -3.35356107e-01  2.30722414e+00 -1.99828762e+00
  8.77952110e-02  1.19069544e-01 -4.54811317e-01  3.03035391e+00
 -3.10271479e+00  4.37816154e-02  9.83451132e-01 -1.60019374e+00
  1.68721170e+00  6.61332402e-01  2.90506308e+00 -1.53864240e+00
 -7.18763432e-01 -5.33256169e-01 -1.55836018e-01 -2.12277961e+00
  2.18271832e+00  2.96787881e+00 -5.04701750e+00 -5.90137106e+00
  5.40401104e-01 -1.54719309e-02 -7.26564462e-01  9.25858864e-01
  6.36253166e-01  2.40522376e-01  3.70102958e-01  2.63576752e-01
 -3.51980239e-01  1.42232981e+00 -2.69600556e+00  9.95915847e-01
 -7.94526439e-01  3.25059236e+00  2.46390105e+00 -4.28715652e-01
 -7.36320722e-01 -2.59609233e+00  7.30047274e+00  2.13305151e+00
  2.67086986e+00 -4.91280957e-01 -2.51168451e+00  1.50935087e+00
 -2.78805295e+00 -3.57683932e-01 -1.38563400e-01  2.37105287e+00
 -1.21262306e+00  9.41372429e-01 -1.38868233e+00  2.26095220e+00
 -1.93081577e+00 -6.47580594e-01 -4.88396698e-01  5.77305118e-03
 -3.81485088e-01  4.61895646e+00 -7.46066165e+00  2.32644768e-01
  5.68435009e+00 -1.49766066e-01 -3.55988059e-01  2.39454999e+00
 -2.93161589e+00  8.08933106e-02 -4.49711829e+00  3.00707320e+00
 -9.20661928e-01  6.37909359e-01 -4.94503372e+00  1.61170612e+00
 -1.70792739e+00  4.52124085e+00 -1.31440016e-01  2.67506264e+00
  9.42485144e-01 -3.01199995e+00  2.42705331e+00  8.24794375e+00
 -1.40465918e-01  9.72117861e-03  2.72335850e-01 -3.44442575e+00
 -1.79974943e+00  1.77603392e+00  2.29852857e+00 -3.68002721e+00
  5.28971703e+00  3.75876461e+00 -9.59800561e+00  2.57354854e-01
  4.01381666e+00 -8.57950407e-01 -3.32041994e+00 -1.66675287e+00
  1.85297125e+00 -4.33727596e+00  2.65640109e+00  2.94059162e+00
 -5.42078834e-01  1.69177263e-05  4.36434129e-03 -2.43835283e-01
  2.16703372e+00 -7.64238252e+00 -7.17998108e+00 -8.83977849e+00
 -5.88186212e+00 -4.19488524e+00 -5.41223680e+00  1.48288725e-01
  1.00840639e+01 -4.46052260e+00  2.84947761e+00 -4.96632722e-01
 -6.19634640e+00 -1.26577706e+00 -1.97883256e+00 -4.74677117e-01
  3.40602478e-02 -3.56213637e-07 -1.85448383e-03  6.17001234e-02
 -2.97461217e-01 -5.17153055e-01 -7.33353446e-01 -1.18148839e+00
 -1.90483192e+00 -5.73036687e-01  2.27202246e-01 -1.55926762e+00
 -5.07054793e+00 -6.31381697e+00 -3.01959110e+00 -2.25062890e+00
 -1.09827119e+00  1.74500586e-01  7.10088088e-02  1.08916670e-02
  1.63469196e-03  0.00000000e+00 -2.55448949e-05  8.22526466e-05
  1.25505127e-03  1.32932739e-02  6.17248909e-02  7.09966068e-02
  1.32142723e-01  5.60808109e-02 -7.09772471e-02  6.94950474e-01
  1.39231920e+00 -2.03467756e-01 -3.02399870e+00 -2.32490596e-01
 -4.66079138e-01  2.98027086e-02 -1.38517878e-04 -2.83564627e-07
  0.00000000e+00]
[-2.04527157e+00  0.00000000e+00  0.00000000e+00 -5.18075562e-06
 -8.49370665e-05  2.56231504e-03 -2.77821247e-03  1.83433185e-02
  2.24083916e-01  2.97597480e-01  1.17905365e+00  3.68806490e-01
 -8.19846820e-02  2.84770494e-02  1.40793613e-01  4.76850415e-02
 -3.39294160e-03  5.74521697e-03  7.75587122e-04 -1.13054897e-04
  0.00000000e+00 -1.23539643e-07  9.72300762e-04 -1.98722538e-03
 -8.19702673e-02 -2.55021596e-01  6.96897770e-03 -8.07290686e-01
 -3.23854235e+00  4.82805051e-01  1.37119830e+00  1.94819836e+00
  8.27346501e-01  4.23123790e-02 -1.21120403e+00 -5.40472981e-01
  4.12134811e-02 -3.58422648e-02  4.64861086e-02  3.71406331e-03
  1.14859671e-03 -1.93854471e-05 -1.37780316e-02  6.55984040e-02
  9.73332952e-01  2.00248204e+00 -2.32380044e+00 -3.05584477e+00
 -5.22950843e+00 -6.26477983e+00 -4.69268247e+00  3.22137951e+00
 -3.30803879e+00 -6.88573411e+00 -5.75407361e+00 -5.40151063e-01
  1.24049751e-01 -4.58426256e-01 -5.71221035e-01  1.25608978e-01
 -1.40211467e-02  1.23399393e-04  9.92774867e-03 -2.97724673e-01
  8.30283112e-01  7.07951825e+00 -1.66420198e+00  7.23404866e+00
 -7.76979519e-01  2.51074329e+00  5.28224837e+00 -1.22179236e+00
  6.27888761e-02 -9.55615622e-01 -1.04987845e+01 -7.89681912e-01
 -1.26959536e+00 -2.15911994e+00 -4.74942309e+00 -9.91300631e-01
 -1.32077416e-02  1.48198777e-03  1.66894169e-01 -1.25954967e+00
 -1.05184634e+01 -1.88190703e+00 -9.45833840e-02 -1.34354478e+00
 -6.13977164e+00  3.96865406e-01 -6.38582551e+00  8.76219546e+00
 -3.09388277e+00 -6.87369305e+00  9.77975424e+00  4.24460586e+00
 -8.30099167e+00 -9.01116173e+00  5.39350600e+00 -7.75881566e+00
  6.51954480e-03 -2.46367620e-04  1.86992203e-02 -6.53067502e-02
 -3.86900529e+00  2.40666629e+00 -5.26936472e+00  4.36658072e+00
  2.45502844e+00  1.47822826e+00 -9.61205944e-01  4.71371947e+00
 -3.75526392e+00  6.88051373e+00 -6.55357500e+00 -7.12382128e+00
 -5.74984620e+00  3.64925655e+00 -3.73619839e+00 -9.42962806e+00
 -7.56251677e-02  1.74629490e-02 -4.86840593e-03 -1.34074156e+00
 -1.90361179e-01  4.19266260e+00  1.22535098e+00 -7.86018205e+00
 -2.65197578e+00  1.54190062e+00  1.57254736e+00  2.21696263e+00
  1.27950428e+00  3.36577670e+00 -2.87207236e+00  3.85296900e+00
 -3.34980904e+00  3.02838078e+00  2.28261586e+00 -2.15423807e+00
 -4.25603425e-01  2.51760345e-02 -4.50656135e+00 -1.00036605e+01
  1.14889552e+00 -2.60743146e+00  2.54439135e-02  4.02146675e+00
 -5.14089283e-01 -1.00526433e+00  3.63268981e+00 -2.22522312e+00
  1.79227969e+00 -3.96483629e+00  2.60120003e+00 -1.13036755e+01
  2.00749571e+00 -5.59471741e+00 -6.66835708e-01 -3.74465746e+00
 -2.29520189e+00 -3.18331871e-01 -5.06344063e+00 -9.27425090e-01
 -3.67782419e-02 -2.09558666e+00 -9.44556872e-01 -3.06792813e+00
  9.43454012e-01  2.22810192e+00  2.74400070e+00  3.82147883e+00
  1.85701008e+00 -6.24037117e-01 -1.40233635e+00  4.45109548e+00
 -4.94053570e+00  9.48250687e-01 -8.80740099e-01 -4.53782096e+00
 -2.48515570e-01 -1.84216396e-01 -2.72828614e+00 -8.37499281e+00
 -1.73480239e+00 -2.16292322e+00 -4.69599221e+00  6.36658573e-01
 -3.67372624e+00  6.59388208e-01 -3.32261357e-01 -1.89424062e-01
 -1.84998433e+00  2.09125612e+00  2.46461547e+00 -3.61315116e+00
 -1.31257065e-01 -7.13819502e-01 -1.99526968e+00 -4.57296305e+00
 -3.48395750e+00  2.99216847e-01 -8.84441716e+00 -1.11977645e+01
  2.14794737e+00 -1.18884884e+00 -4.82435916e-01 -5.30598925e+00
 -1.70141033e+00 -1.63169471e+00 -1.07819184e+00 -2.19159983e-01
  3.35259336e+00 -8.33982601e-01  3.78514277e+00  9.49751495e-01
 -2.28248473e+00 -3.42104185e+00  2.43120372e+00 -1.45805490e+00
 -1.17797781e+01 -7.89404266e-01 -3.11878428e-02  1.43171927e+00
 -2.83032998e+00 -6.02220897e-01 -5.75580131e+00  4.70189245e+00
 -3.93570681e+00  4.11395027e+00 -1.72386773e+00 -4.65059113e-01
  2.61619548e+00  1.56864227e+00 -1.54144054e+00  5.47770920e+00
 -4.83659393e+00  3.80595804e+00 -4.46623074e+00 -3.01716208e+00
 -6.08707290e+00  2.04343025e-01 -6.85228339e+00 -1.32462753e+01
  6.08533729e+00 -2.11324748e+00 -6.00101488e-01 -1.95186485e+00
 -2.84180441e-02 -1.17129721e+00  3.51844587e+00  2.48881851e+00
 -3.23774024e+00  4.40408735e+00 -4.27065855e+00 -5.12771788e-01
  9.68779064e-01  1.91066903e+00  3.99871314e-01 -6.19857896e+00
 -6.06856672e+00  7.02334480e-02 -2.03631476e+00 -2.78184022e+00
 -3.42790819e+00 -3.47154551e+00  3.28434827e+00 -3.21192088e+00
  1.63805938e+00 -2.08926308e-01 -7.59313740e-01  2.01599339e+00
  2.08804025e+00 -1.23248387e+00 -1.33652040e+00  1.29886254e+00
 -3.38260915e+00  3.76390872e+00 -2.19732816e+00 -1.70371752e+00
 -8.77851667e-01  1.00516089e-01 -1.26182197e+00 -4.06764186e+00
  3.77602648e+00  3.50156487e+00 -3.33513454e+00 -7.55708982e-01
 -1.36363780e+00 -2.48567584e+00  5.28645982e+00 -4.16444294e+00
  1.81837408e+00  3.02517450e+00  1.81711465e+00 -4.06238611e+00
  4.47846039e+00 -4.47139491e+00 -1.50082360e+00  1.89424969e+00
 -2.04920774e+00  1.48266759e-01 -2.06974033e+00 -3.05195571e+00
  5.01775514e+00 -5.95439880e+00  8.58487849e+00 -2.59874493e+00
  4.80935354e-01  1.84970492e+00 -2.60796237e-01  3.08724346e+00
 -4.27069746e+00 -4.77690026e+00 -9.58329556e-01  6.45845120e-01
  5.13561900e-01  3.40130808e+00  4.50633601e-01 -7.79440019e+00
 -2.90120143e+00  2.67079535e-02 -6.21258234e-01  3.52483633e+00
  5.88400640e+00  4.97102854e+00 -1.26567789e+00 -3.95101787e+00
  4.47566848e+00 -7.01591359e+00 -4.14962670e+00  3.61514970e+00
  2.84448859e+00  7.24386887e+00 -7.23760474e+00 -8.48256693e+00
  5.50474240e+00  8.52484888e-01 -5.99426480e+00  5.55444171e+00
 -1.69554832e+00 -3.56326953e-03  1.29975310e-01 -2.29713026e-01
 -8.45485514e+00 -2.65646622e+00  1.54675331e+00 -3.96149750e+00
 -3.47471293e+00  9.99453326e-01  3.11928431e+00 -1.03679484e+01
  1.44814354e-01 -7.91387749e-01 -5.86137151e+00 -2.12337679e+00
 -6.02307436e-01  3.90884786e+00  3.98033249e+00  5.67867293e+00
 -4.93645811e-01 -1.02940412e-06 -7.34080319e-04  6.97950519e-02
 -5.87333181e-01  3.60150870e-02  2.86633504e+00  5.72495839e+00
  4.15794428e-03 -7.94121262e+00 -9.73097791e+00 -7.93540288e-01
 -6.37449999e+00 -8.99154504e+00 -1.50250743e+00  1.34954747e-01
  1.97047839e-01  5.82565835e-02 -1.70583207e-01 -3.09578593e-01
  3.84102234e-02  0.00000000e+00 -1.42839446e-04  9.33425476e-03
  2.21592930e-01 -4.97121142e+00 -5.75236575e+00 -3.70092285e+00
 -8.54261163e-02 -1.89051291e+00 -2.56913270e+00 -1.99374270e-01
  9.97831308e-02 -3.84351354e+00 -9.47445309e-01  9.00863174e-02
 -2.32499146e-02 -1.89926361e-02  1.62415746e-03  3.61465434e-05
  0.00000000e+00]
[ 7.89108936e-01  0.00000000e+00  0.00000000e+00 -7.26033512e-07
  4.15356056e-03 -5.11213441e-02 -4.51856712e-01  2.14709059e-02
 -1.45069151e-02 -9.29823242e-03  7.76870229e-03  4.42092241e-04
  9.31107611e-03  5.98773225e-02 -2.55019480e-01 -2.58105491e-01
  1.11346526e-01 -2.94960570e-03 -4.01264153e-05 -1.16457889e-05
  0.00000000e+00 -2.56983065e-07 -3.64339253e-05 -1.60997264e-03
  2.32597373e-02 -2.77326333e-02 -4.98716795e-01  1.35585513e-01
 -3.39312048e-04 -2.11093821e-02 -2.87272071e-01  1.73076612e-03
 -5.72211792e-02 -2.35730136e-01  2.69071685e+00  2.66766431e+00
 -1.26127867e+00 -2.13846416e-01 -4.10420239e-02  4.02557895e-03
 -2.16157994e-05  2.27179407e-06  9.29275147e-05  2.64347928e-02
 -2.08511820e-01 -8.91742087e-01 -2.88572878e+00 -3.94084293e+00
 -1.28249426e+00 -1.13271892e+00  1.88079549e+00  9.73621718e-01
  4.59774121e-02 -4.31503205e+00  4.07752083e+00  1.79337246e+00
 -6.23096886e+00  1.44197488e+00  6.02631256e-02 -8.34570190e-02
  6.15009041e-03  8.27643371e-06  2.69260781e-03  6.07423523e-02
 -8.53029629e-01 -5.68505678e-01 -4.95696048e+00 -4.47120876e+00
 -3.15024864e+00  5.42716381e-01 -1.10175373e+00 -9.14696257e+00
  6.53136710e+00 -3.94062845e+00 -5.78919197e-01 -1.00409315e+00
  2.81140596e+00 -6.01124043e-01  3.59560662e+00  3.49970499e-01
 -7.68100855e-02 -8.31946014e-04  4.11266356e-02  3.67482552e-01
 -6.26394650e+00 -4.45727920e+00  5.31467981e-02  7.55496313e+00
 -2.94908862e+00  2.00342986e+00 -1.37586856e-01  1.01552787e+00
 -2.95986038e+00  2.19705616e+00  6.09727716e+00 -5.41566990e+00
  3.24808791e+00 -3.79348652e+00  5.08520967e+00  2.40422523e+00
  3.31661066e-01 -4.32754477e-03 -9.23363208e-02  7.34547796e-01
  1.97339433e+00 -3.20824880e+00 -1.97414654e+00 -5.82313559e+00
  1.07672351e+00  1.76728373e+00  4.81877731e-01  1.11560448e-02
 -6.08690346e+00  2.62492946e+00  3.98503882e-01  1.12827785e+00
 -1.12808729e+00  2.55376603e+00 -7.09692566e+00 -5.59800203e+00
  7.63655484e-01  1.42700999e-01 -1.90044726e+00 -3.63769077e+00
  1.27282463e-01  3.50384909e+00  4.32307973e-02  5.16230186e+00
 -7.21726828e-01  8.28966678e-01  2.58348199e-01  2.91950588e-01
  1.51898598e+00 -5.30992040e+00 -2.04357210e+00  1.80310034e+00
  2.21637789e+00 -2.46125884e+00  5.61852602e+00 -3.40921414e-01
 -1.10405955e+00  1.80001658e-01 -2.58543771e+00 -7.91928652e+00
 -1.59623370e+00 -2.59838044e+00  1.13880897e+00 -5.38329443e+00
  3.47510811e+00  7.47174324e-01 -1.19688343e+00  2.40620288e+00
  5.98598619e-01  3.99703324e-01 -2.08912776e+00  2.35139315e+00
 -2.66448350e+00  1.42592794e+00 -3.52000861e+00  1.18803636e+00
 -4.08978654e-01  1.77925602e-01 -3.55763399e+00  4.91061264e+00
 -8.68900365e-01  2.28670280e+00 -2.06399837e-01  5.81076337e+00
 -2.97032682e+00  2.35609569e+00  1.05630471e+00  1.18232766e-01
 -1.23285458e+00 -1.50932906e+00  1.12602202e-01 -1.58615490e+00
  2.40353965e+00  1.44545764e+00  2.72315745e+00 -3.81813975e+00
  5.73535957e-01  5.06683113e-01 -7.74824875e+00  3.27665843e+00
 -2.51173197e+00 -9.65308544e-01  4.77511179e-01 -3.02385532e+00
  3.86996930e+00 -6.34027954e-01  1.20288181e+00  1.71509398e-01
 -1.18086213e-01 -1.95709295e+00 -1.08885353e+00  2.23638040e+00
 -1.00752221e+00 -1.57398921e+00 -1.35696577e+00  2.53176880e+00
 -1.06303802e+00  7.20695495e-01 -9.43647424e+00 -3.66277489e+00
  2.22147636e+00  6.87260638e-02  8.79333230e-01 -1.61121529e+00
  7.78575614e-01 -1.58152071e+00  2.41339687e-01 -1.88773294e+00
  4.81017009e-01 -2.94709451e+00  2.38742713e+00 -3.17423922e+00
  7.84784272e-01  2.36292883e+00  1.24035552e+00 -1.90843978e+00
 -1.10861658e+00  3.31864811e-01 -4.12244508e+00  7.04470856e-01
 -3.10315736e+00  2.99087667e-01 -1.32794369e+00 -1.79967311e+00
 -1.93237016e+00  1.27235572e+00 -2.69250001e+00  2.32258559e-01
 -1.03477970e+00  1.89268315e-01 -1.36809728e-01 -4.22816575e-01
 -1.46993961e+00 -9.94351890e-01 -1.89132703e-01 -2.01087364e+00
  2.14304248e+00  4.58035301e-01 -4.61957551e+00 -4.83249982e+00
  2.54858748e+00 -2.20360079e+00  5.43513131e-01  1.05365600e+00
 -3.84201004e+00 -4.63860997e-01 -1.64748568e+00  7.91841310e-01
 -3.78041212e+00  3.56985576e+00 -2.64830367e+00  2.62015617e+00
 -1.28194145e+00  8.15797060e-01 -1.08080206e+00  3.14385430e+00
  1.27786239e+00  2.04580416e-01 -1.86535341e+00 -1.09682635e+00
 -5.58032251e-01  1.63117211e+00 -2.42995082e+00  5.50660584e-01
 -1.07726595e+00 -1.10800167e+00 -8.30804735e-01 -4.94969703e-01
  1.89335177e+00 -3.09001509e+00  3.38706590e+00 -3.22900778e+00
  5.98468551e-01 -7.92091733e-01  8.25607030e-01 -5.72988124e+00
 -1.50668015e+00  4.13593155e-01 -4.77054068e+00  3.16145176e+00
 -3.77203414e-01  2.36148469e-01  3.25457602e+00 -1.58985923e+00
 -3.85663253e+00 -5.58793781e+00  3.62346803e+00 -3.78017075e+00
  3.39372005e+00 -3.33382273e+00  2.84684619e+00 -1.62428301e+00
  3.72472160e+00 -5.38830548e+00  2.77623248e+00 -3.01271926e+00
 -7.94586123e-01  5.63514900e-01 -6.13269041e+00  1.29467231e-01
  3.03615506e+00 -1.38334936e+00 -1.64890784e+00  6.26346488e+00
 -3.89200490e+00 -7.83117619e+00  4.78218889e+00 -2.85085813e+00
  4.04276842e+00 -8.28047165e-02 -1.49347976e-01  6.58390484e-01
 -4.79212562e-01  3.74207812e+00 -1.55563159e+00 -6.63475755e+00
 -6.24894994e+00  1.11954598e-01 -7.40768848e-01 -3.18059063e+00
  6.31870506e-01  2.14391133e+00  2.33013645e+00 -5.11615262e+00
  5.43847990e+00 -1.03998235e+01 -1.45618314e+01  5.06085556e+00
 -1.07966306e+01  6.40372451e+00 -7.16811133e+00  4.62140575e+00
  2.32460949e+00  4.80737425e-01  1.36738700e-01 -4.02909912e-01
 -1.59908968e+00 -1.46809207e-02  1.53996235e-01  8.32194559e-01
 -1.61285824e+00 -8.05454388e-01  4.01128701e+00  7.61328882e+00
  4.88895117e-01  1.58165519e+00 -1.34312057e+01  1.04497835e+01
  4.54784165e+00  2.46186434e-01 -3.90166507e-01  7.02413015e+00
  3.14509636e-02 -5.65695751e+00 -3.35896772e-01 -3.46219462e-02
  1.97464489e-01 -1.57626485e-06 -2.72943063e-01  2.17543272e+00
  1.10853184e+01  4.30094673e+00  3.27567084e+00  3.18184729e-01
  2.31550384e+01  1.64502701e+01  2.11801570e+00 -4.38669456e+00
 -4.12030626e+00 -1.14807843e+00  4.16915846e+00 -5.40047476e+00
 -6.83538766e+00 -1.41970624e+00  2.27340439e-01  6.87440759e-03
  4.23943707e-04  0.00000000e+00  2.26857056e-02 -1.44848487e-01
 -1.15997380e+00 -1.72634704e+00 -8.27409613e+00 -2.37095188e+00
 -7.54857522e-01 -1.54497042e+00 -3.63070002e-01 -6.73587467e-01
 -3.02369780e+00 -3.63404895e+00 -7.06384155e-01 -6.40787788e-01
 -3.46677913e-01 -3.55523808e-02  5.98264303e-03 -1.50957441e-05
  0.00000000e+00]
[-7.09492567e+00  0.00000000e+00  0.00000000e+00 -1.40688485e-06
  2.39059825e-05 -1.66212994e-04 -1.01456689e-04 -1.59487145e-03
 -2.62135949e-03 -1.00351094e-03 -6.67305317e-04 -1.58154569e-04
  1.16349038e-04  1.28724341e-04  7.63049183e-04  1.24442322e-03
  1.66313189e-04  9.05595058e-06  2.57553411e-07 -2.17171091e-07
  0.00000000e+00  1.49650609e-06 -1.96449380e-05 -6.27970736e-05
 -3.54544112e-04  2.00134628e-02  3.02017136e-02  6.49647507e-03
  1.38529374e-02  3.85181343e-02  4.71658658e-02  1.41103887e-01
  2.26709456e-02  5.19575218e-02 -6.95361600e-03  2.95444254e-03
  6.89673324e-03  9.87167898e-04  1.50917211e-04  4.06798382e-05
  2.42721144e-05 -1.01569501e-05 -3.79720630e-05 -6.68147500e-03
  9.57372331e-02 -2.02857902e-02 -9.90140709e-01 -6.12251100e-01
 -6.96211898e-01 -1.57887290e+00 -1.89445968e+00 -2.04475004e+00
 -3.19833169e-01 -4.61119845e-01 -2.10414405e-01 -1.65600261e-01
  1.39934338e-01  1.58029284e-02 -2.91133024e-03 -2.57308031e-04
 -2.70625288e-04 -3.42040426e-04  3.17974644e-03  1.21003381e-01
 -6.99963742e-01 -3.53037592e+00 -2.26550864e+00 -1.42036158e-01
 -3.57201869e+00 -1.61871041e+00  5.35707944e+00  1.72555374e+00
 -7.97761842e-01 -2.09365206e+00  1.34945326e+00 -9.45606495e-01
 -2.27918766e+00 -1.85651168e-01  1.04614651e-01 -1.04130212e-03
 -1.48176149e-03 -8.48801921e-03 -1.76788829e-02 -9.52734649e-01
 -2.11296945e+00 -7.87560028e-01  2.67555853e+00  1.13634718e+00
 -3.48548929e+00  6.96708399e+00  1.27246710e+00  2.66595187e+00
  9.99240432e-01 -3.02508957e+00 -1.68762254e+00 -2.45720806e+00
 -7.01001779e+00 -2.54345731e+00 -1.64797021e+00 -4.15369886e-02
  2.55216736e-03  1.29900982e-01 -4.83455468e-01  2.39062415e-01
  1.10969469e+00  3.78308298e-01 -6.26338289e+00 -2.26832477e+00
 -5.13917063e-01 -4.93053219e+00 -3.56886713e+00  7.98883492e+00
 -8.30148280e+00  2.08462853e+00 -5.65607414e-01 -3.63323024e+00
  5.56499568e+00 -2.91220559e+00 -3.29637327e+00  1.01097206e-01
 -6.19696400e-03  1.77805268e-01  5.37881660e+00  4.58943256e+00
 -1.14731878e+00  1.14309245e+00 -1.37551495e+00 -1.60703276e+00
  5.27963240e+00  5.32148436e+00 -2.66001668e-02  1.63905147e+00
  2.18640074e+00  6.44306905e+00  2.01438276e+00  1.12340208e-01
  4.15389382e+00 -7.98680536e-01 -5.45828176e+00  1.16310975e-01
 -9.50020946e-03  1.92503690e-01  3.99753406e+00 -5.45239817e-01
 -1.58468333e+00 -1.45368623e+00 -6.60759576e-01 -4.50167565e+00
 -9.69653004e-01 -1.48631350e+00  8.89392187e-01  1.59977063e+00
 -1.30233584e+00  5.29220639e-01  2.00055247e+00  2.26606519e+00
  1.61697311e+00 -6.37064378e-01 -9.23922507e+00  2.66733214e-01
 -1.06875736e-02  1.40339899e-01 -7.15606203e-01 -1.99434724e+00
 -4.14142391e+00  9.72286854e-01 -2.37151766e+00  1.33131415e+00
 -3.26870741e+00  3.95093265e+00 -3.59779913e-01  1.09247359e+00
  2.08868530e+00  5.00453405e+00  3.01837827e+00  1.41623130e+00
  2.37532344e+00 -2.13506856e+00 -8.06622097e+00  2.32198659e-01
 -1.74400410e-02  2.01556366e-01 -1.15839665e+00  1.21195281e+00
 -5.37929967e+00  1.24104180e+00 -6.59110804e+00  1.89466732e+00
 -3.86793566e+00  2.05362232e+00 -1.90294043e-01 -5.40261559e-01
 -3.15375535e+00  2.80827032e-01  1.21416321e+00  2.65539102e+00
  2.25863454e+00  1.89763952e+00 -8.37713333e+00 -4.15014996e-01
  5.28830152e-03  1.53205178e-01  1.30873062e+00  1.87229583e+00
 -3.42258517e+00  4.20635394e-01  1.16854061e+00 -1.66369212e+00
 -2.18652910e+00  3.26199980e-01 -1.19755994e+00  8.09622003e+00
 -2.46456078e-01  2.47790734e+00  2.25289030e-02  3.32908150e+00
 -2.71044834e+00  1.43173622e+00 -1.05066521e+01 -7.33979819e-01
 -1.67520638e-02  1.55593394e-01 -9.45547751e-01  8.67942719e-01
 -1.18366161e+00 -2.88109694e+00 -2.29711879e+00 -3.63674024e-01
 -5.30937639e+00 -1.88188548e+00 -2.53819246e+00 -3.88675622e+00
 -1.06449031e+00 -3.00610352e+00  8.36146313e-01  1.85769533e+00
  5.24657921e+00  1.50741731e+00 -3.37281659e+00 -3.95523914e-01
 -2.82361187e-02  3.75795250e-02 -1.09024191e+00 -2.85408343e-01
 -1.70536022e+00 -2.97639275e+00 -6.87399826e-01 -4.78853700e+00
 -2.48121610e+00  8.35993800e-01  3.66497727e-01  1.58349605e+00
 -1.80907290e-01  1.33727175e+00  2.46311961e+00 -3.38442520e-01
 -3.13346589e-01 -5.15517127e+00  1.06146909e-02 -4.04721120e-01
 -1.29050689e-02 -2.36254968e-01  4.33488234e+00  2.46511027e+00
 -6.03222385e+00  5.92206206e+00 -4.97057546e+00 -7.68028289e+00
 -3.08209331e+00  9.82434138e-03 -1.10747863e+00 -3.11999519e+00
  1.91560838e+00 -1.87995226e+00 -1.44538618e+00 -7.41373063e-01
  8.89289078e+00 -8.05144453e-02 -1.83923830e+00 -5.87088708e-01
  1.67484583e-02  4.88060944e-01  4.68523823e+00  2.24078047e+00
  3.58334769e+00  4.45558502e-01 -1.08181897e+01  5.36213224e+00
 -2.16659673e-01 -5.84188975e+00 -1.80224838e-01  2.64101674e+00
 -5.64669999e+00  7.97239771e+00 -2.97149976e+00  4.84455855e-01
  1.40862774e+00 -3.70151602e+00 -2.09848499e+00 -3.61066521e-01
 -4.07164024e-03  1.02512939e-01  2.05722172e+00 -8.26562441e+00
  1.82878995e-04 -4.22883543e+00 -6.10859947e-01 -3.35626670e+00
 -7.32818780e+00  5.40122067e+00 -2.32851085e+00  7.98526071e+00
 -2.00847904e+00 -1.46322159e+00 -4.57384983e+00  4.31549048e-01
 -5.60986659e+00 -3.34924761e+00 -4.49189764e-01 -1.65971750e-01
 -1.96444970e-01 -4.84888790e-02  4.13407545e-01 -6.19342272e+00
  3.71664251e-01  2.73638843e+00 -2.07929163e+00  1.97230616e+00
 -2.15608625e+00  7.61427899e-01 -2.48918640e+00  1.94705117e+00
  1.01225935e+00  3.38993057e+00  5.49008413e-01  4.48704781e-01
 -4.23254683e+00 -1.95301030e+00 -2.03728287e-01  9.72558405e-03
 -4.93564418e-02  4.31084467e-03  1.22703843e-01 -5.43270184e+00
 -6.54203267e+00  1.23234366e-01 -5.84757846e+00 -1.34014722e+01
 -5.54524242e+00  2.09045098e+00  5.10982566e+00  3.99470294e+00
 -4.08750619e+00 -6.56044697e+00  1.61600677e-01 -2.86352493e+00
 -3.07884226e+00 -1.12071605e+00  3.67339934e-02  6.63509782e-03
  6.17933660e-03 -2.66137967e-06  2.36554676e-02 -2.97539037e-01
  6.45200142e-01  5.94391629e+00  2.04194042e-01 -2.20022669e+00
 -8.96673788e-01 -8.22000647e+00 -2.58284910e+00  6.84840537e+00
 -8.21186913e-02 -7.31531920e-02 -4.01142919e-01 -8.09246766e-01
 -8.72407958e-02 -2.75188751e-02  8.59898764e-03 -6.21102045e-05
  2.93252344e-06  0.00000000e+00 -2.12327701e-03 -2.26473395e-02
  4.05845908e-02  7.65192330e+00  5.37729849e+00 -4.34923112e-01
  1.52551809e-01 -3.06307831e-01 -1.32245002e+00 -1.38755860e+00
 -1.92555030e+00 -9.65278267e-01 -1.00202621e-01  2.02868953e-04
 -4.11430946e-03  5.22078088e-03 -6.10455289e-04  8.40123023e-06
  0.00000000e+00]
[-2.89314458e+00  0.00000000e+00  0.00000000e+00 -9.07565253e-05
  6.09072761e-04  3.10441486e-03  1.15777324e-02  1.90183475e-01
  3.65168146e-02 -6.10975264e-03 -2.17280465e-02 -8.16136895e-03
  6.13661996e-04  6.62997601e-04 -1.47167117e-02 -5.47739299e-03
  9.02028933e-04  6.72201274e-05  5.60045680e-06 -1.11782200e-06
  0.00000000e+00 -3.98141495e-08 -1.03013497e-06  9.49752681e-04
 -6.12012059e-03 -3.69550119e-02 -3.37997809e-01  4.02406171e-01
  6.92969492e-01  3.71277777e-01  1.88971105e-01  5.84282270e-02
 -4.99698170e-02 -1.23233926e-01  1.47519316e-01  1.20157229e-01
  3.54546324e-02  5.11209567e-02  2.03188421e-02 -4.09863357e-03
  1.93955577e-03  3.25157742e-07 -8.04244592e-06 -1.37995114e-03
  9.38586025e-03  3.49763593e-02  8.39365298e-01 -8.36548909e-02
  5.48465010e+00  9.27721579e+00  6.44226651e+00  2.69686083e+00
  3.02768201e+00  1.20728955e+00 -6.73733903e-01 -1.50071377e+00
 -1.76944144e+00 -1.19292274e+00 -5.79951816e-01 -8.46145373e-02
  3.86070684e-04  2.01341136e-06  4.17539376e-05  2.83156838e-02
 -1.85586698e-01 -1.67939416e+00  1.92990341e-01 -1.93290756e+00
  4.14308814e+00  3.28231641e+00  2.96511960e+00 -4.20254669e-01
 -4.44849991e-01  4.29008282e+00  1.01130832e+00 -3.70993488e+00
 -2.58901012e+00 -1.66995598e+00  8.72006229e-01  1.27692050e+00
 -1.63223837e-01  2.47882016e-06  3.01369652e-03  1.37129178e-01
 -1.63252160e+00 -2.67973171e+00  5.61968805e+00  3.45825146e+00
 -2.12633775e+00 -5.82313631e+00 -1.15370679e+00  3.08083203e+00
  1.22904297e+00  2.28490325e+00 -3.98399944e+00 -6.04182730e+00
 -4.44940742e+00 -1.17749524e+00  3.05296087e+00 -1.09454276e-01
 -1.70393565e+00 -2.41228928e-04  9.59425181e-03 -9.02827842e-02
 -9.14376819e-01  1.18690032e+00  1.89422549e+00  2.77177326e+00
  6.26522504e-01  5.42463076e+00 -3.11309183e+00 -5.03607867e-01
 -1.69446943e+00  2.59767324e+00 -7.01216706e+00 -4.78357345e+00
 -1.16356933e+00 -1.05415773e+00  4.28339592e-01  1.73448963e+00
 -2.84459011e-01  1.16759374e-03 -4.19891882e-03 -3.64431364e-01
  6.54065565e-01  1.60073382e+00 -2.32246199e+00  1.87405351e+00
 -3.07529968e-01  8.92854837e-01 -5.22294177e+00  3.21640976e+00
 -2.07870007e+00  1.79874973e-01 -4.80876005e+00  2.44308789e+00
  4.36144667e+00 -4.66843706e+00  4.48540397e-01  2.31071458e+00
 -5.88238574e-01  5.74397028e-04  1.43420281e-02 -7.08717804e-01
  8.90588083e-01  2.20163663e+00  9.49110697e-01  1.65977900e+00
  2.08737454e-01 -4.79065068e-01  1.47171560e+00  1.81833003e-01
 -1.50800056e+00 -7.44759172e-01 -3.07117811e+00  2.57915238e-01
 -6.69102358e-01 -1.32206128e+00 -1.32839384e+00 -9.55820116e-01
 -1.45922016e+00  9.00385702e-03 -8.90292352e-02 -1.08084109e+00
  4.21406819e-01 -1.06208271e-01 -7.50742166e-02  1.96998105e+00
  1.33843542e+00 -6.54978128e-01 -3.36119623e+00 -1.51008726e+00
 -2.12554807e+00  2.50377200e+00 -1.44994093e+00  1.89470073e+00
  8.24977024e-01 -1.23203010e+00  4.38340870e-01  2.36179532e+00
 -1.40368552e+00  2.40482970e-02 -2.55737492e-01 -1.45031709e+00
 -8.47633496e-01 -1.20334061e+00  1.68382550e+00 -1.82072026e+00
  1.73548188e+00  3.92122115e-01 -4.27165449e+00  2.50636732e-01
 -1.70113208e+00 -9.96256530e-01 -1.42225993e+00  2.16592017e-01
  6.43750463e-01  3.41121152e-01 -3.69586221e+00  2.53693947e-01
 -9.26014218e-02 -5.11396855e-04 -6.73392193e-02 -1.86334997e+00
  1.65547671e+00  1.30969085e-01 -9.15297999e-01  3.54746351e+00
 -1.14638872e+00  2.08135008e+00 -2.74041292e+00 -9.89307625e-01
 -1.74946947e+00  2.68869568e+00  1.28064161e-01 -2.19853322e+00
 -1.57541957e-01 -2.53201689e+00  3.22018235e+00 -5.67279121e-01
 -1.07231554e+00 -3.55499591e-03 -6.39902331e-03 -1.09600123e+00
 -4.16078884e+00  2.57804680e+00 -8.18684647e-01  1.17695584e+00
  2.91582686e+00  2.41374845e+00 -5.13137558e-01  2.56371764e-02
 -3.49736251e+00  1.60934872e+00 -2.68844569e+00 -2.13094727e-01
 -6.75999604e-01  1.10713536e+00 -7.42749357e-01 -1.77258818e+00
  5.50877944e-01  5.34805591e-03 -2.09652149e-02  2.28094233e-01
 -1.12979365e+01  1.81120328e+00  7.61720837e-02  1.58687577e+00
  4.43019495e-01  2.23894755e+00 -2.22286505e+00  1.25533922e+00
  1.79515184e+00 -2.13621300e+00  9.22076861e-01 -2.40709496e+00
 -9.27626249e-01 -2.77261868e+00 -2.09687489e+00  1.93872451e+00
  1.38313688e+00  4.83617701e-03 -2.10833024e-02  3.64952765e-02
 -7.13678459e+00 -1.35204599e+00 -1.71360580e-01  1.04674994e+00
  5.74465656e-01  4.95189255e+00 -4.35775711e+00  7.70683356e-01
  2.49872851e+00  8.76759989e-01  7.06325565e-01 -2.59619186e+00
 -2.65272197e+00 -3.68529955e+00 -2.12536030e+00  4.80751822e+00
  2.11981601e+00  1.41472022e-03  7.58411413e-03  1.69206897e-02
 -3.88121811e+00 -2.70021252e+00  7.20407274e-01 -7.82174110e-03
  2.32956615e-01 -2.34573177e-01 -1.40484132e+00  5.87320112e-01
 -8.45803945e-01 -9.79108987e-01 -1.85994974e+00 -2.38008263e+00
 -2.38502611e+00 -3.80337198e+00 -4.50554407e+00  2.04010424e+00
  1.49066961e+00  3.75467117e-05  7.51387808e-03  1.88222072e-01
 -3.27637134e+00 -9.43409682e-01  9.18171405e-01  1.78086542e+00
 -9.98549946e-01  5.52659618e-01  3.08101370e+00 -9.33104828e-01
  9.62389405e-01 -4.10022825e+00  6.79894006e-02 -9.70953608e-01
  5.19295918e-01 -2.59117541e+00 -1.57490001e+00  1.84166060e+00
  4.74345976e+00  1.17232951e-05  4.16869768e-03  1.26678596e-01
 -1.81029061e+00 -1.25598756e+00 -8.00121882e-01  8.33726102e-01
  2.24243990e+00 -1.76576493e+00 -2.23576276e+00 -2.02282458e+00
  2.36249675e+00 -4.01459550e+00 -3.32799949e+00 -5.65206944e+00
 -6.41080981e+00 -6.45089716e+00 -3.73741016e+00 -2.31627434e+00
  8.43986859e-01  2.69732392e-05  1.45682022e-03  1.77271928e-02
 -2.50264745e-01 -2.03416719e+00 -3.91167044e+00 -1.56495908e+00
  5.57459227e-01 -3.00237711e+00 -3.77604465e+00  5.08803221e-02
 -9.75531127e-01 -1.78380879e+00  4.33551684e+00  2.31654242e-01
 -8.45447625e-01 -5.37044996e-01 -1.64076620e-01 -2.24759799e-01
 -2.19371231e-01 -1.04400421e-06  4.05924319e-07 -1.99743152e-04
  3.03851770e-02 -3.20161817e-01 -2.00965494e+00 -2.36059947e+00
 -1.53749770e+00 -3.80218163e-01 -3.25056928e-01  2.16055133e+00
  1.74573713e-01 -4.32177451e-01 -4.48736659e-02  4.95898691e-02
  6.55178862e-02  4.73890515e-02  3.49433090e-02  3.73428038e-02
  8.77430547e-03  0.00000000e+00 -4.79356199e-06 -4.71247599e-05
  5.22721000e-03 -5.84512513e-02 -1.88596823e-01 -2.90573190e-01
 -2.30017933e-01 -8.49491999e-02  1.61915859e-02 -1.97335773e-01
 -3.88584064e-02 -1.06744813e-03 -5.62955306e-02 -8.57686147e-03
 -5.93734526e-03 -2.15618850e-02 -5.12714338e-03  6.05162547e-04
  0.00000000e+00]
[-1.03315334e+01  0.00000000e+00  0.00000000e+00 -2.54261827e-04
  2.33798129e-03  2.83333574e-03  3.85950958e-02 -4.44537654e-01
 -3.34166358e-01 -3.50456060e-02 -1.96841449e-02  1.59500813e-03
  6.33566016e-05  5.44023179e-04  2.89715548e-03  3.96460249e-03
  2.52295782e-03  4.84912406e-05  3.34648557e-06 -1.96765221e-06
  0.00000000e+00 -4.73861713e-08 -2.42532673e-04  5.11514760e-03
 -2.01005941e-02 -3.79849124e-02  2.87924994e-01 -5.07463170e-01
 -1.12293940e+00 -9.23560451e-01 -2.98422189e-01  2.32652536e-01
 -1.50208027e-03  2.48168403e-02  2.45621740e-01  2.10016049e-01
  2.56403888e-01  4.17016276e-01  1.10247376e-01  4.30351943e-04
  3.27441836e-03  3.15698076e-07 -6.03488247e-04 -3.22536773e-03
  1.09578367e-01  1.27392726e-01 -2.68113489e+00 -3.66763233e+00
 -1.56358163e-01 -1.15134395e+00 -1.21560481e+00 -2.21239497e+00
  6.91826343e-01 -1.60225905e+00 -5.12498420e+00 -5.87274686e+00
 -4.40068717e+00 -5.16081530e+00 -9.65201708e-01  3.54549206e-02
 -4.05709104e-02 -4.96080621e-05  3.23109818e-02 -1.21870075e-01
 -1.83544406e+00 -8.27254163e-01 -3.83543963e+00  5.46877994e-01
 -2.32135832e+00  4.58086311e+00  2.78958774e+00 -6.15347930e+00
 -6.70103892e+00  4.18425521e+00 -1.57109901e+00  3.32960413e+00
 -2.45176275e+00  3.23989877e-02 -5.78608891e+00 -2.15601492e-01
 -1.63271768e-01 -2.81112072e-04  9.55945744e-02 -1.45716254e+00
 -5.53542332e+00  1.12591932e+00 -7.67570047e+00  1.91965900e+00
  2.03358451e+00 -3.52151977e+00  3.60022451e+00 -5.27747509e+00
  3.91658389e+00 -1.90701771e+00 -2.31507666e+00  1.06882451e+00
  1.54696063e-01 -1.39715001e+00  1.39946658e+00 -6.75830742e+00
  5.65032412e-01  1.09902681e-02 -5.13158946e-01 -2.70230053e-01
  1.04412026e+00 -5.72977639e+00  7.42660624e+00 -3.39598560e+00
  2.65762942e+00  7.63614098e-01 -2.24838194e+00  3.04360891e-01
 -2.97516841e+00  2.17632588e+00 -1.04118899e+00 -1.69792429e+00
  1.96365259e+00 -1.39892981e+00 -1.23328627e+00 -1.56553085e+00
 -8.05355784e-01  4.16596786e-02 -1.16077569e+00  9.65296290e-01
  2.05478750e+00 -1.82622346e+00 -1.53224162e+00  2.62284513e+00
 -1.29589248e-01 -9.38600163e-02  4.60208383e-01 -1.73052162e-01
 -1.75590456e+00  2.09611343e-01  2.02184869e+00  1.13694817e-01
  6.16495205e-02 -1.18613279e+00  1.27875251e+00 -2.13181973e+00
 -5.07582995e+00  1.24628454e-01 -1.48557967e+00  2.19722187e-01
 -1.01168092e+00 -3.89889177e-01  6.08132336e-01 -1.23782705e+00
  3.08021457e+00  1.06876564e-01 -1.69473694e+00  5.57518044e-01
 -1.00663289e+00  3.22679787e+00 -5.51941046e-01  6.19021054e-01
 -1.86361837e+00  6.73754584e-01  2.20059463e-02 -2.69486300e+00
 -2.54984675e+00  8.38550446e-02 -7.78099319e-01 -2.12774754e+00
  1.12576601e+00 -7.91282770e-02 -1.43959850e+00  2.50084731e+00
 -1.31682220e+00  8.06360839e-01  2.12825924e+00  1.79553012e+00
 -1.85353537e-01  7.12146772e-01  2.00263310e-01  1.34731120e+00
 -2.25727489e+00  2.36251199e+00 -1.53528747e+00 -1.48890115e+00
 -2.58613907e+00  8.27944021e-02 -1.43116426e+00  3.54592555e+00
 -1.81156036e+00  1.92038160e+00 -4.91109472e-01 -5.24799552e-01
  1.45946564e+00  2.26099795e+00 -7.14246322e-01 -4.23568337e-03
  2.32937861e+00  3.85996100e-01  1.20080189e+00 -2.07308174e+00
  1.48486675e+00  1.01975846e+00  1.51215181e+00 -2.40911174e+00
 -4.17749166e+00  9.43434291e-02 -7.40114936e-01 -4.76927152e+00
  1.30894270e+00  1.45979411e+00 -1.46593278e+00  7.30722628e-01
 -2.99361755e+00  7.66447874e-01  1.39709104e+00  8.05912832e-01
 -1.20178455e+00  1.02758911e+00 -2.51029155e+00 -1.05407067e+00
  1.73448322e+00 -1.84184484e+00  6.54504172e-01 -1.23884054e+00
 -4.40230045e+00  1.07695046e-01 -3.06226675e+00  2.93973074e+00
 -4.41067213e-01 -1.48645032e+00  1.74131194e+00 -2.26064876e+00
  1.25554532e+00 -2.28540828e+00  3.73648918e+00 -1.08880032e+00
  3.38315263e+00 -1.73312927e+00  3.01558718e+00 -2.14224382e+00
 -1.40441494e+00  1.51454372e+00  2.15731550e+00 -2.47738133e+00
 -1.60216293e+00  1.66754896e-01 -3.74423595e+00 -3.48608302e+00
 -6.90140687e-01  3.96824447e+00 -3.49551324e+00  2.59306407e+00
 -4.75699320e-01 -1.77976966e-01 -3.13848970e+00  2.07792763e+00
 -2.91165843e+00  1.09784324e+00 -2.21237310e+00 -5.87571375e-01
  2.96523343e+00 -3.11445467e+00  1.48460667e+00 -2.37970678e+00
 -1.98342198e+00  3.50863718e-01 -3.95366379e+00  2.37503549e+00
  1.76403391e+00 -2.66749042e+00  1.12176990e+00 -1.83737306e+00
  7.83545934e-01  1.86146668e+00 -1.02979564e+00 -2.11903435e-01
 -9.35753536e-01 -1.91598074e+00  1.57994344e+00 -1.63269140e+00
 -3.13296719e-01  3.67805923e+00 -1.17558095e+00  3.76302542e+00
 -2.36153517e+00  1.09913492e-01 -5.89101718e-01 -3.83833637e+00
 -1.91588228e+00  1.29783998e+00 -9.83058156e-01  2.04606889e+00
 -3.37068190e-01  2.05041597e+00  7.21398924e-01 -4.70443593e+00
  3.59024238e+00 -1.53430724e+00 -1.78661132e+00  8.60312472e-01
 -1.94862127e+00 -2.71385357e+00  3.79168580e+00 -4.90371337e+00
 -1.60130249e-01 -1.02374211e-02  3.10803162e-02 -2.55751668e+00
  3.67048816e+00 -2.48713576e-01 -1.01806170e+00 -8.65360765e-01
  1.91373150e+00 -1.17496736e+00  2.50210180e+00 -2.21449021e+00
  2.32542720e-01 -3.82237040e-01  5.60749980e-02  1.08648092e+00
  1.33226960e+00  3.98037225e-01  2.33424485e+00 -5.16905043e+00
  8.65984606e-01  3.13416755e-02 -3.82185477e-01 -5.98543471e-02
 -4.10605905e+00  5.36559264e-01  2.18091729e+00 -1.28359976e-01
  3.90159964e+00 -9.59685693e-01  3.47803040e+00 -3.40126875e+00
  2.99859310e-01 -1.14414437e+00 -1.22482777e-01  7.97847225e-01
 -6.22844802e-01  2.40766375e+00 -7.72916693e+00 -1.03697221e+00
  1.11875985e+00  2.76625117e-02 -6.07424922e-01  2.96752613e+00
  2.51498893e+00  1.68342110e-01 -2.80831104e+00  3.86352344e+00
 -3.70272054e+00  1.06996659e+01 -1.30951343e+01  6.87589670e+00
 -3.18949936e+00  4.62826133e+00 -1.47589220e+00 -4.41852044e-01
 -3.00544009e+00 -6.93376125e+00  3.55652746e-01 -4.18616605e-01
  1.98507134e-01 -1.11768269e-03  4.38183049e-02 -7.77766592e-01
  4.13549653e+00  1.08069250e-01 -9.89028405e-01 -6.24643523e+00
 -3.84376930e+00 -8.33001379e+00  4.50546863e+00 -2.15402204e+00
 -9.07557075e+00 -5.01235475e+00 -7.86037101e+00 -7.84282445e+00
 -1.75848813e-01  2.81847713e-01  2.92430018e-02  2.02919520e-02
 -2.36338006e-02  0.00000000e+00 -2.33402913e-03 -1.91943436e-01
  2.30952808e+00 -2.80382949e+00 -7.63572204e-01  2.30037755e+00
 -6.63705518e-02  2.11753327e+00  3.69398837e-01 -1.24856381e+00
 -1.09205291e+00 -1.09172442e+00 -3.82494914e+00 -4.04934232e-04
 -1.01282479e-01 -5.85890818e-03 -3.57871930e-03  4.06789086e-04
  0.00000000e+00]
[-6.86027621e+00  0.00000000e+00  0.00000000e+00 -1.80736606e-06
  1.15735260e-04 -6.29326723e-04 -3.05396760e-02  1.24405154e-01
  4.18132808e-02 -1.18675461e-02 -7.93120053e-03 -1.53919729e-03
  1.48056428e-02  4.50795062e-02  1.09023075e-01  2.67096265e-01
  1.48610799e-01 -8.16762157e-03  1.19076612e-04 -1.78558157e-05
  0.00000000e+00 -7.43654744e-08 -6.52673334e-06 -4.86952136e-06
 -1.97692497e-03  4.65563017e-02  2.81082715e-01 -2.02239852e+00
 -8.57177022e-01  2.57676982e-01  1.78543957e-01  1.85050217e-01
 -4.32689196e-01 -4.50342397e-01 -1.01578835e+00 -3.01181550e+00
 -1.74459759e+00  2.25262154e-01  3.01704409e-01 -9.60562415e-02
 -1.14321838e-01  6.01276320e-07  2.59454871e-05  1.81401641e-04
  2.43336557e-02 -4.56779235e-01 -1.38922142e+00  9.06799204e-01
 -2.63104522e+00 -1.55909282e+01  5.31927169e+00  2.58371452e+00
  5.28407186e-01  1.13999186e+00  9.44736997e+00  6.07118710e+00
 -5.16779302e+00 -3.48401258e+00 -8.27676209e+00  1.54848389e+00
  1.97981106e+00  3.06271174e-06  4.91423408e-04  1.28156479e-03
  1.31070671e-01 -3.44900674e+00 -4.92254080e+00 -2.18431590e+00
  5.63766643e-02 -2.20314633e+00 -2.08897495e+00  1.65096248e+00
  1.36339253e+00 -2.00263189e+00 -1.00083720e+01 -7.66650510e+00
 -3.64698721e-01  5.87440595e+00  1.63429337e+00 -9.03440031e-01
  5.12033652e-01  8.28997981e-06  5.95073407e-04  1.28204081e-02
 -3.44777085e-01  2.48583777e+00 -2.01628105e+00 -3.38130438e+00
  1.53029012e+00  5.25775747e+00 -1.47742101e+00 -1.63511630e+00
  1.10743982e-01  2.65748057e+00  3.07807847e+00 -8.68655556e-01
  2.53876716e-01 -8.83046338e+00  1.91352223e+00  9.90832560e-01
  7.55244501e-02 -9.50043518e-05  6.97019971e-04  1.81870481e-01
 -1.69362604e+00 -7.02042651e+00  1.95450137e+00 -9.36189323e-01
 -1.26879324e+00  1.18632121e+00  1.47637370e+00  1.20285811e+00
 -1.70874666e+00 -1.93475292e+00 -1.83287460e+00 -2.36086955e-01
  3.95379877e+00 -1.68708703e+00  1.19552804e+00 -8.06714100e-01
 -9.17772133e-01  2.13620917e-04  7.77300293e-03 -7.61984177e-02
 -5.03422024e-01  7.54781878e-01 -4.31130433e+00  1.54646599e+00
 -1.05291912e+00  1.00029196e+00  1.26555540e+00 -1.51703948e+00
 -4.04946685e-01  2.51000576e+00  1.47658653e+00 -2.76875969e+00
 -2.28744244e+00  1.22188548e+00 -3.33013078e+00  2.56086182e+00
  1.83356521e+00 -6.31283530e-03 -6.85207080e-02  1.30170811e+00
 -8.60277435e+00  9.37346881e-01  1.59058124e+00 -1.19975479e+00
  8.69950229e-01  2.18472224e+00 -7.41783313e-01  1.12894395e+00
  1.20088151e+00 -5.82444489e-02 -7.40607522e-01 -1.27111981e+00
  1.56037318e+00 -3.98945922e+00  1.74203265e+00 -1.05420069e+00
 -1.39734305e+00 -1.56379282e-02 -2.11894644e-01 -2.22505410e+00
  6.01832442e+00  2.01868784e-01 -1.19064821e+00 -7.14778636e-01
 -8.51968473e-02  1.06996584e+00  1.02880579e+00 -1.40488372e+00
 -7.64094541e-01 -9.46707833e-01  1.10169055e+00 -2.33318013e+00
  4.26233699e-01 -6.81618066e-01 -2.14056424e+00  2.82520407e+00
 -1.38501887e+00  1.33403304e-02 -3.09814298e-01 -6.90032734e+00
 -3.83660903e+00  1.78754245e+00  1.30776449e+00  1.03186610e+00
 -1.90805817e+00 -4.76253895e-01  5.39302082e-01  9.11485074e-01
  1.90271574e+00  1.82423040e-01 -1.32259505e+00 -9.22380538e-01
 -5.52729707e-01 -1.47185624e+00 -1.10051839e+00  1.50653818e+00
 -6.14986451e+00  2.48889224e-02 -1.53038399e+00 -5.39248141e-02
 -3.02721350e-01  1.75916494e+00  1.57046895e+00  1.71445610e+00
  1.37865571e+00 -7.66372185e-01  6.10827830e-01  4.45591857e-01
 -3.77513607e+00  1.01744214e+00  5.02626160e-01 -1.04019115e+00
 -5.65966989e-01 -9.32362683e-02 -3.35872581e+00  3.56770383e+00
  1.70901969e+00  4.41245127e-02 -1.52519526e+00 -1.21906054e+00
 -1.44342828e+00  6.65671561e-01  3.59405117e+00 -1.58037273e+00
  8.19530779e-02  8.90978800e-01 -1.41306221e-01  2.41813274e+00
  3.06128579e+00 -2.23785673e+00  7.93062062e-01 -3.66241396e+00
  2.18744960e+00 -3.83413742e+00  2.53391042e+00 -2.15852267e+00
  4.25748769e+00  5.72839659e-02 -1.10869008e-01 -8.57578480e+00
 -3.30895851e+00  1.92069700e+00 -3.09704428e-01  1.33346667e+00
 -2.64265609e+00  3.59897472e+00 -1.08918349e+00 -1.13035514e-03
  8.02177047e-01 -1.26310553e+00  4.73954940e+00 -4.75399825e+00
  1.89713278e-01 -1.52017812e+00 -1.07938880e+00  5.51753028e+00
 -8.02463491e+00  2.27288312e-02  3.91766319e-01 -9.01181605e+00
 -3.44499469e+00  8.40494865e-01 -2.40598408e-01 -1.14368811e+00
  1.37256306e+00 -1.29834160e+00  3.46822577e+00 -1.27015055e+00
 -1.45420197e+00  1.16095266e+00 -2.97071772e+00  6.25367232e-01
  6.60939587e-01 -1.70654256e+00  5.80054440e-01  4.00457206e-01
  4.67295176e+00  3.65708094e-03  2.69433933e-01 -6.64262600e+00
  1.90598709e+00  2.16130067e-01 -4.73840521e-01  1.26712682e+00
 -1.14572999e+00  2.71091965e+00 -2.23892202e+00  3.92796726e+00
 -2.10734009e+00 -7.43890592e-01  1.88412650e+00  1.03193029e+00
 -2.14983941e+00 -2.33317260e+00  2.69223334e+00  3.42473192e-01
  1.73730067e+00 -2.52856004e-03  3.40047487e-02 -1.06118499e-01
 -9.61076744e+00 -4.35027086e+00  3.79623610e+00 -4.07327670e+00
  1.51276453e+00  9.30252863e-01  1.65376750e+00 -1.04270571e+00
 -1.24454790e-01  1.27604888e+00 -2.23624382e+00 -2.75486009e+00
 -9.44020787e-01 -5.93592303e+00  3.93339010e+00  8.92459310e+00
 -4.39500446e+00 -4.52079813e-04  1.92531823e-02 -2.10584081e-02
 -1.79499117e+00 -5.22777017e+00 -2.72602547e+00 -8.56257431e-01
 -3.38962575e-01  1.89694467e+00 -1.31308403e+00  3.35215362e+00
 -6.13317360e+00 -1.82802227e+00 -9.44947588e-01  4.82437126e-01
  6.66631263e+00 -3.78048815e+00  9.68365702e+00  1.40466142e+00
  6.46119192e-01  7.26087085e-05  1.02338077e-03  2.04281988e-02
 -2.20362781e-01 -1.41243630e+00 -3.47925094e+00  4.84413420e-02
 -4.15871881e+00  1.22479268e+00 -3.32808536e-01 -1.35430924e+01
 -5.91399833e+00 -4.63998311e+00 -1.92862790e+00  4.29595425e+00
  7.15027023e-01 -3.64148345e+00  3.09672473e+00  5.35266022e+00
 -9.68250248e-02 -5.53844087e-07 -8.64040831e-05  1.89886751e-03
  3.46375988e-02 -4.45343711e-01 -3.78096539e+00 -3.62872456e+00
 -3.80057259e+00 -9.01365083e+00 -3.24940573e+00  3.53273802e+00
 -6.75131589e-02 -3.50370780e+00 -1.37438824e+00 -1.95923762e+00
 -3.73168197e+00 -1.18603960e+00 -1.22329036e-01 -1.03273635e-01
 -2.59317268e-02  0.00000000e+00 -1.96723852e-06 -1.21723203e-04
  2.93010022e-03 -3.06748661e-02 -3.84050960e-03  1.42385084e-01
  2.87209248e-01  6.23656699e-01  4.39083909e-01  2.73334569e-01
 -1.24714703e+00 -2.41359955e+00 -6.40553636e-01  1.99781719e-01
  3.05119555e-01  9.12159497e-03 -3.74806520e-02  2.85865668e-03
  0.00000000e+00]
[-1.35875902e+01  0.00000000e+00  0.00000000e+00 -8.53511880e-07
 -3.71220234e-05  5.17619415e-04  4.74389770e-03  7.52821886e-04
 -3.61332281e-03 -3.22348447e-03 -2.94027727e-03 -3.53817232e-04
  6.81665267e-04  1.24185919e-03  1.30419152e-02  1.20589292e-02
  1.44181407e-04  8.38637664e-05 -3.30918785e-07 -1.25219652e-06
  0.00000000e+00 -8.22153619e-07 -2.03625664e-05  5.54756835e-05
  3.22809376e-03  4.54090076e-05 -5.13482943e-02 -1.38408769e-02
 -1.17868081e-02 -1.89640127e-02  2.06868614e-02  2.70328936e-02
  3.14197856e-02  2.08465958e-02 -9.82570603e-02 -1.33997729e-01
 -2.82124146e-02  1.32668149e-02  1.26369988e-02 -4.78889629e-04
  1.58210598e-05  7.14104593e-06  4.70774703e-05 -4.14998512e-05
 -1.06066786e-02 -4.97721317e-02 -2.23209505e-01 -3.54167608e-01
 -5.01596218e-01 -6.11253178e-01 -6.15688161e-01 -8.18823042e-01
 -1.06274975e+00 -8.80049899e-01 -1.45210819e+00 -8.14349563e-01
  9.59254604e-02 -1.83054340e-01 -1.48857136e-01  1.76908797e-02
  2.96491843e-03  2.93559545e-05  1.80570995e-03 -3.41243322e-03
 -1.87904778e-01 -4.01109583e-01 -6.90840331e-01 -1.21439027e+00
 -1.12149331e+00 -4.13379559e-01  5.33289502e-01  9.97847526e-01
 -4.06416372e-01 -2.10581992e-01 -9.93604007e-01 -2.83228347e-01
  1.88023338e+00  6.95275520e-01 -1.58160448e-01 -9.32487756e-02
 -2.67606857e-02  3.69720292e-06  4.91796911e-03 -1.43609782e-02
 -4.89960390e-01 -1.03530960e+00 -6.76705531e-01 -9.59551244e-01
 -5.46838474e-01  1.59856243e+00  2.57895769e+00  3.49995494e+00
  1.24854843e+00  1.43650368e+00  1.47456089e+00 -8.48836823e-01
  1.22934757e+00  2.14944908e+00  1.25305865e-01 -3.11393803e-01
 -8.21561925e-02 -7.76236351e-04  6.03554467e-03 -8.17797794e-02
 -8.34973849e-01 -1.73139970e+00 -1.20978885e+00 -2.76800910e+00
 -1.31186022e+00  2.18193042e-01  2.11432321e-01  1.95715921e+00
  3.64027417e+00  1.22291841e+00  2.63310611e+00  2.53898846e-01
 -1.10236880e+00 -2.61349168e+00 -1.49009511e+00 -6.59367313e-01
 -6.40666232e-02  4.54922207e-03 -5.31598069e-02 -7.42260227e-01
 -1.76152775e+00 -2.06352481e+00 -7.12813011e-01 -2.77864744e+00
 -2.70561897e-01 -5.59230100e-01  1.44624878e-01 -1.22904210e-01
  1.39583076e+00  4.23317730e-01 -7.06183542e-01 -3.20245930e-01
  8.36217686e-02  5.57856106e-01 -2.49379792e+00 -1.65258079e+00
 -3.58416109e-02  7.08708345e-03 -7.56976392e-02 -1.90454619e+00
 -1.92736416e+00  5.42976868e-01  1.94789706e+00 -1.31461102e+00
  2.71505133e-01  1.39963898e+00  1.88007501e+00  2.00343538e+00
 -2.92083257e-03  2.25767562e+00 -1.75948993e-01  4.67790124e+00
  1.87045326e+00  4.00267567e+00 -7.55077382e-01 -3.00201785e+00
 -4.45478444e-01  6.02586527e-03 -9.43763446e-02 -3.02890607e+00
 -9.53979332e-01  3.08084425e-01 -2.59615283e-01 -1.75873064e+00
 -4.59643292e-01  5.78884367e-01 -1.22441541e+00  3.06108165e+00
  3.07369835e+00  2.72190748e+00  1.46329982e+00  4.05180789e+00
  9.54299648e-01  3.14144193e+00  9.29554402e-02 -2.15226785e+00
 -7.63335561e-01  8.40999465e-03 -2.79539506e-01 -2.25917701e+00
  5.97941828e-01  8.90107366e-01  2.19236379e+00  1.50648098e+00
  5.02607317e-01 -1.75443999e+00 -2.71204191e+00  1.24328453e+00
 -4.60183798e+00 -5.25418459e+00 -4.04384782e+00  2.64135020e-01
 -1.66544832e+00  3.53500321e+00 -2.38900517e-01 -1.14669177e+00
 -6.72001453e-01 -6.44637845e-03 -3.62345985e-01  5.11147075e-02
  6.84991356e-01 -5.92733807e-01  1.44371650e+00  1.12595236e+00
 -6.04326131e-01 -1.74036200e+00 -4.75338715e+00 -7.33581036e+00
 -8.86905979e+00 -3.22254550e+00 -2.34930051e+00 -3.46570324e+00
  3.83258558e-01  1.98241881e+00 -6.50642973e-01 -2.37440538e+00
 -3.07781109e-01 -4.86032814e-02 -9.77137810e-01 -1.63912079e+00
  3.23397866e-03  1.01359354e+00  4.51436963e-01 -5.53313503e-01
 -9.81731222e-01 -1.18551197e+00 -4.65661589e+00 -4.29009314e+00
 -1.09114532e-01 -7.45325399e-01 -6.36821073e-01 -2.30262544e+00
 -1.33949849e-01 -1.53481568e+00 -1.69781120e+00 -2.03020515e+00
 -8.44095263e-02  9.44057321e-02 -1.50210474e+00 -1.32223966e+00
 -1.43825952e-01 -8.39562311e-01  3.21274229e+00  2.24150673e-01
  2.79231879e+00  1.79980455e+00 -2.36555672e-01  7.73522334e-01
 -9.53000260e-01  4.42015305e-01 -8.19781723e-01 -1.65189587e+00
 -3.80865897e+00 -1.38088619e+00 -8.63230255e-01 -9.17128817e-01
 -1.27456216e-01  6.34409793e-02 -7.43535019e-01 -2.50076452e-01
  1.09620522e+00 -9.25877258e-01  2.43853831e+00  1.94315590e+00
  3.39794126e+00  1.47874379e+00 -2.82297908e+00 -2.49946046e+00
 -5.87934810e-01  1.38787131e+00  3.83257048e-01 -1.29499820e+00
 -3.28786197e+00  1.87974046e-01 -9.95967990e-01 -7.41618989e-01
 -8.44014869e-04  1.52033518e-02 -2.27033511e-01 -9.66489350e-01
 -1.62774628e-01  2.61498228e+00  1.01580801e+00 -2.87534264e+00
  5.47970424e-01  2.44061373e+00 -1.06864639e+00 -8.22016189e-01
  1.18215788e+00 -5.88269529e-01  4.82135847e-01 -2.50285237e+00
 -8.41782110e-01  7.20660668e-02 -2.22272897e+00 -7.27882628e-01
 -1.86355355e-02  1.16958348e-02 -1.31060954e-01 -1.53116633e+00
 -9.31884587e-01  1.78603946e+00 -1.27114308e+00 -2.22695857e-01
  2.61601402e+00  2.02918869e+00 -8.85504918e-01 -5.03354858e-01
 -1.41067812e+00  1.36019763e+00  2.45673934e+00 -1.02623548e+00
  6.64329534e-01 -7.57734838e-01 -1.41924564e+00 -7.13469757e-01
 -3.23240482e-01  1.57797633e-03 -2.38652248e-02 -2.98916554e-01
  3.58134848e-01 -8.12365343e-02 -1.89009335e+00 -2.10666900e-01
  1.83555073e+00  1.16535228e+00  1.17818206e+00  3.21191057e+00
  1.30217060e+00  9.76778992e-02 -2.80716382e+00 -2.78709817e+00
 -2.31244845e+00 -1.32544453e+00 -2.81737693e-01 -3.73054666e-01
 -1.92027471e-01 -1.74202329e-04 -1.45878599e-02  1.08240487e-01
  8.13234096e-01 -1.46382943e+00 -2.43022596e+00 -3.81991034e-01
 -1.27068331e-01 -2.78736441e-01  9.60772517e-01  2.10111911e+00
  1.00334832e+00 -1.31600305e+00 -2.33813478e+00 -2.73579889e+00
 -2.01025563e+00 -9.14827996e-01  3.64474313e-02 -2.47438316e-02
 -1.38055406e-03 -1.98400937e-06  9.09656575e-04  5.96575122e-03
 -4.00314503e-02 -1.62662687e+00 -1.77444004e+00 -7.10397781e-01
 -1.74186062e-01 -1.10107734e-01 -3.31111590e-01 -2.91910212e-01
 -6.28010527e-01 -8.49563258e-01 -2.46926663e-01  5.82641332e-02
  1.10631089e-01  4.11176530e-02  1.50609477e-04  4.90688295e-03
  1.95675850e-03  0.00000000e+00 -4.40609873e-05 -2.96745883e-04
  3.35542398e-02 -4.55878689e-01 -8.66151129e-02 -1.51178490e-01
 -8.54579805e-03  2.87647120e-02  3.33324158e-02  1.71533659e-02
  4.79478337e-02  7.20614968e-02  2.62143662e-02  1.09986237e-02
  1.98064987e-02  4.14104449e-03 -8.73169474e-04  2.75093624e-05
  0.00000000e+00]
